0817 1602 # 2013-12-31
0817 1603
0817 1604
0816 1605
0816 1606
0816 1607
0815 1609
0815 1610
0815 1611
0814 1613
0813 1614
0813 1616
0812 1617
0811 1619
0810 1620
0810 1622
0809 1623
0808 1625
0807 1627
0806 1628
0805 1630
0803 1632
0802 1634
0801 1635
0800 1637
0758 1639
0757 1641
0756 1643
0754 1645
0753 1646
0751 1648
0750 1650
0748 1652
0746 1654
0745 1656
0743 1658
0741 1700
0740 1702
0738 1703
0736 1705
0734 1707
0732 1709
0730 1711
0728 1713
0727 1715
0725 1717
0723 1719
0721 1721
0719 1722
0717 1724
0714 1726
0712 1728
0710 1730
0708 1732
0706 1734
0704 1736
0702 1737
0700 1739
0657 1741
0655 1743
0653 1745
0651 1747
0649 1749
0646 1750
0644 1752
0642 1754
0639 1756
0637 1758
0635 1759
0633 1801
0630 1803
0628 1805
0626 1807
0623 1808
0621 1810
0619 1812
0616 1814
0614 1815
0612 1817
0609 1819
0607 1821
0605 1823
0602 1824
0600 1826
0557 1828
0555 1830
0553 1831
0550 1833
0548 1835
0546 1837
0543 1838
0541 1840
0539 1842
0536 1844
0534 1845
0532 1847
0529 1849
0527 1851
0525 1852
0522 1854
0520 1856
0518 1858
0516 1859
0513 1901
0511 1903
0509 1905
0507 1906
0505 1908
0502 1910
0500 1911
0458 1913
0456 1915
0454 1917
0452 1918
0449 1920
0447 1922
0445 1924
0443 1925
0441 1927
0439 1929
0437 1931
0435 1932
0433 1934
0431 1936
0430 1937
0428 1939
0426 1941
0424 1943
0422 1944
0420 1946
0419 1947
0417 1949
0415 1951
0414 1952
0412 1954
0410 1955
0409 1957
0407 1959
0406 2000
0405 2002
0403 2003
0402 2005
0400 2006
0359 2007
0358 2009
0357 2010
0356 2011
0355 2013
0353 2014
0352 2015
0351 2017
0351 2018
0350 2019
0349 2020
0348 2021
0347 2022
0347 2023
0346 2024
0345 2025
0345 2026
0344 2027
0344 2027
0344 2028
0343 2029
0343 2030
0343 2030
0343 2031
0343 2031
0343 2032
0343 2032
0343 2032
0343 2033
0343 2033
0343 2033
0344 2033
0344 2033
0344 2033
0345 2033
0345 2033
0346 2033
0346 2033
0347 2032
0348 2032
0348 2032
0349 2031
0350 2031
0351 2030
0352 2030
0353 2029
0354 2028
0355 2028
0356 2027
0357 2026
0358 2025
0359 2024
0400 2023
0401 2022
0403 2021
0404 2020
0405 2019
0406 2017
0408 2016
0409 2015
0411 2014
0412 2012
0413 2011
0415 2009
0416 2008
0418 2006
0419 2005
0421 2003
0422 2002
0424 2000
0426 1958
0427 1957
0429 1955
0430 1953
0432 1951
0434 1949
0435 1948
0437 1946
0439 1944
0440 1942
0442 1940
0443 1938
0445 1936
0447 1934
0448 1932
0450 1930
0452 1928
0453 1925
0455 1923
0457 1921
0458 1919
0500 1917
0502 1915
0503 1913
0505 1910
0507 1908
0508 1906
0510 1904
0512 1901
0513 1859
0515 1857
0517 1855
0518 1852
0520 1850
0522 1848
0523 1845
0525 1843
0527 1841
0528 1838
0530 1836
0532 1834
0533 1831
0535 1829
0537 1826
0538 1824
0540 1822
0542 1819
0543 1817
0545 1815
0547 1812
0548 1810
0550 1807
0552 1805
0553 1803
0555 1800
0557 1758
0558 1756
0600 1753
0602 1751
0603 1748
0605 1746
0607 1744
0609 1741
0610 1739
0612 1737
0614 1734
0615 1732
0617 1730
0619 1728
0621 1725
0622 1723
0624 1721
0626 1718
0628 1716
0629 1714
0631 1712
0633 1710
0635 1707
0637 1705
0638 1703
0640 1701
0642 1659
0644 1657
0646 1655
0647 1653
0649 1650
0651 1648
0653 1646
0655 1644
0657 1642
0658 1641
0700 1639
0702 1637
0704 1635
0706 1633
0708 1631
0709 1629
0711 1628
0713 1626
0715 1624
0717 1623
0718 1621
0720 1619
0722 1618
0724 1616
0726 1615
0727 1613
0729 1612
0731 1610
0733 1609
0735 1608
0736 1607
0738 1605
0740 1604
0741 1603
0743 1602
0745 1601
0746 1600
0748 1559
0749 1558
0751 1558
0752 1557
0754 1556
0755 1555
0757 1555
0758 1554
0759 1554
0801 1553
0802 1553
0803 1553
0804 1552
0805 1552
0806 1552
0807 1552
0808 1552
0809 1552
0810 1552
0811 1552
0812 1552
0813 1553
0813 1553
0814 1553
0814 1554
0815 1554
0815 1555
0816 1556
0816 1556
0816 1557
0817 1558
0817 1559
0817 1559
0817 1600
0817 1601
