# Offset 0 in an array
0817 1603
0817 1604
0816 1605
0816 1606
0816 1608
0815 1609
0815 1610
0814 1612
0814 1613
0813 1615
0813 1616
0812 1618
0811 1619
0810 1621
0809 1622
0808 1624
0807 1626
0806 1627
0805 1629
0804 1631
0803 1632
0802 1634
0801 1636
0759 1638
0758 1640
0757 1641
0755 1643
0754 1645
0752 1647
0751 1649
0749 1651
0748 1653
0746 1654
0744 1656
0743 1658
0741 1700
0739 1702
0737 1704
0736 1706
0734 1708
0732 1710
0730 1711
0728 1713
0726 1715
0724 1717
0722 1719
0720 1721
0718 1723
0716 1725
0714 1727
0712 1729
0710 1730
0708 1732
0706 1734
0703 1736
0701 1738
0659 1740
0657 1742
0655 1743
0652 1745
0650 1747
0648 1749
0646 1751
0643 1753
0641 1754
0639 1756
0637 1758
0634 1800
0632 1802
0630 1803
0627 1805
0625 1807
0623 1809
0620 1811
0618 1812
0616 1814
0613 1816
0611 1818
0609 1819
0606 1821
0604 1823
0602 1825
0559 1827
0557 1828
0555 1830
0552 1832
0550 1834
0548 1835
0545 1837
0543 1839
0540 1841
0538 1842
0536 1844
0533 1846
0531 1848
0529 1849
0527 1851
0524 1853
0522 1855
0520 1856
0517 1858
0515 1900
0513 1901
0511 1903
0508 1905
0506 1907
0504 1908
0502 1910
0500 1912
0457 1914
0455 1915
0453 1917
0451 1919
0449 1921
0447 1922
0445 1924
0443 1926
0441 1928
0439 1929
0437 1931
0435 1933
0433 1934
0431 1936
0429 1938
0427 1940
0425 1941
0424 1943
0422 1945
0420 1946
0418 1948
0417 1949
0415 1951
0413 1953
0412 1954
0410 1956
0409 1957
0407 1959
0406 2000
0404 2002
0403 2003
0401 2005
0400 2006
0359 2008
0358 2009
0356 2010
0355 2012
0354 2013
0353 2014
0352 2016
0351 2017
0350 2018
0349 2019
0349 2020
0348 2021
0347 2022
0346 2023
0346 2024
0345 2025
0345 2026
0344 2027
0344 2028
0344 2028
0343 2029
0343 2030
0343 2030
0343 2031
0343 2031
0343 2032
0343 2032
0343 2032
0343 2033
0343 2033
0343 2033
0344 2033
0344 2033
0344 2033
0345 2033
0345 2033
0346 2033
0346 2033
0347 2032
0348 2032
0348 2032
0349 2031
0350 2031
0351 2030
0352 2029
0353 2029
0354 2028
0355 2027
0356 2027
0357 2026
0358 2025
0359 2024
0400 2023
0402 2022
0403 2021
0404 2020
0405 2018
0407 2017
0408 2016
0410 2015
0411 2013
0412 2012
0414 2010
0415 2009
0417 2008
0418 2006
0420 2004
0421 2003
0423 2001
0424 2000
0426 1958
0428 1956
0429 1954
0431 1953
0432 1951
0434 1949
0436 1947
0437 1945
0439 1943
0441 1941
0442 1939
0444 1937
0445 1935
0447 1933
0449 1931
0450 1929
0452 1927
0454 1925
0455 1923
0457 1921
0459 1919
0500 1916
0502 1914
0504 1912
0505 1910
0507 1908
0509 1905
0510 1903
0512 1901
0514 1859
0515 1856
0517 1854
0519 1852
0520 1849
0522 1847
0524 1845
0525 1842
0527 1840
0529 1838
0530 1835
0532 1833
0534 1831
0535 1828
0537 1826
0539 1823
0540 1821
0542 1819
0544 1816
0545 1814
0547 1812
0549 1809
0550 1807
0552 1804
0554 1802
0555 1800
0557 1757
0559 1755
0600 1753
0602 1750
0604 1748
0606 1746
0607 1743
0609 1741
0611 1739
0612 1736
0614 1734
0616 1732
0618 1729
0619 1727
0621 1725
0623 1722
0625 1720
0626 1718
0628 1716
0630 1713
0632 1711
0633 1709
0635 1707
0637 1705
0639 1702
0641 1700
0642 1658
0644 1656
0646 1654
0648 1652
0650 1650
0651 1648
0653 1646
0655 1644
0657 1642
0659 1640
0701 1638
0702 1636
0704 1634
0706 1633
0708 1631
0710 1629
0712 1627
0713 1625
0715 1624
0717 1622
0719 1621
0721 1619
0723 1617
0724 1616
0726 1614
0728 1613
0730 1612
0731 1610
0733 1609
0735 1608
0737 1606
0738 1605
0740 1604
0742 1603
0743 1602
0745 1601
0747 1600
0748 1559
0750 1558
0751 1557
0753 1557
0754 1556
0756 1555
0757 1555
0758 1554
0800 1554
0801 1553
0802 1553
0803 1553
0805 1552
0806 1552
0807 1552
0808 1552
0809 1552
0810 1552
0810 1552
0811 1552
0812 1552
0813 1553
0813 1553
0814 1553
0815 1554
0815 1554
0815 1555
0816 1556
0816 1556
0816 1557
0817 1558
0817 1559
0817 1600
0817 1601
0817 1602
