# Location: BAD ELSTER / E12 14, N50 17
0811 1619
0811 1620
0811 1621
0810 1622
0810 1623
0810 1624
0809 1626
0809 1627
0809 1628
0808 1630
0807 1631
0807 1632
0806 1634
0806 1635
0805 1637
0804 1638
0803 1640
0802 1641
0801 1643
0800 1645
0759 1646
0758 1648
0757 1649
0756 1651
0755 1653
0754 1654
0752 1656
0751 1658
0750 1659
0748 1701
0747 1703
0745 1705
0744 1706
0742 1708
0741 1710
0739 1712
0738 1713
0736 1715
0734 1717
0733 1719
0731 1720
0729 1722
0728 1724
0726 1726
0724 1727
0722 1729
0720 1731
0718 1733
0716 1734
0715 1736
0713 1738
0711 1739
0709 1741
0707 1743
0705 1745
0703 1746
0701 1748
0659 1750
0657 1751
0655 1753
0653 1755
0650 1756
0648 1758
0646 1800
0644 1801
0642 1803
0640 1805
0638 1806
0636 1808
0633 1810
0631 1811
0629 1813
0627 1814
0625 1816
0623 1818
0620 1819
0618 1821
0616 1823
0614 1824
0612 1826
0609 1827
0607 1829
0605 1831
0603 1832
0601 1834
0558 1835
0556 1837
0554 1839
0552 1840
0550 1842
0548 1843
0545 1845
0543 1846
0541 1848
0539 1850
0537 1851
0535 1853
0532 1854
0530 1856
0528 1858
0526 1859
0524 1901
0522 1902
0520 1904
0518 1905
0516 1907
0514 1909
0512 1910
0510 1912
0508 1913
0506 1915
0504 1917
0502 1918
0500 1920
0458 1921
0456 1923
0454 1924
0452 1926
0450 1928
0448 1929
0447 1931
0445 1932
0443 1934
0441 1935
0440 1937
0438 1938
0436 1940
0435 1941
0433 1943
0432 1944
0430 1946
0428 1947
0427 1949
0426 1950
0424 1952
0423 1953
0421 1954
0420 1956
0419 1957
0417 1959
0416 2000
0415 2001
0414 2002
0413 2004
0412 2005
0411 2006
0410 2007
0409 2008
0408 2010
0407 2011
0406 2012
0406 2013
0405 2014
0404 2015
0404 2016
0403 2017
0403 2017
0402 2018
0402 2019
0401 2020
0401 2021
0401 2021
0400 2022
0400 2022
0400 2023
0400 2023
0400 2024
0400 2024
0400 2025
0400 2025
0400 2025
0400 2025
0401 2026
0401 2026
0401 2026
0402 2026
0402 2026
0402 2026
0403 2026
0403 2025
0404 2025
0405 2025
0405 2025
0406 2024
0407 2024
0408 2023
0408 2023
0409 2022
0410 2022
0411 2021
0412 2020
0413 2019
0414 2019
0415 2018
0416 2017
0417 2016
0419 2015
0420 2014
0421 2013
0422 2012
0423 2011
0425 2010
0426 2008
0427 2007
0428 2006
0430 2005
0431 2003
0432 2002
0434 2000
0435 1959
0437 1957
0438 1956
0439 1954
0441 1953
0442 1951
0444 1950
0445 1948
0447 1946
0448 1945
0450 1943
0451 1941
0453 1939
0454 1937
0456 1936
0457 1934
0459 1932
0500 1930
0502 1928
0503 1926
0505 1924
0506 1922
0508 1920
0509 1918
0511 1916
0512 1914
0514 1912
0515 1910
0517 1908
0518 1906
0520 1904
0521 1902
0523 1900
0524 1857
0526 1855
0527 1853
0529 1851
0530 1849
0532 1847
0533 1845
0535 1842
0536 1840
0538 1838
0539 1836
0541 1834
0542 1831
0544 1829
0545 1827
0547 1825
0548 1822
0550 1820
0551 1818
0553 1816
0554 1814
0556 1811
0557 1809
0559 1807
0600 1805
0602 1802
0604 1800
0605 1758
0607 1756
0608 1754
0610 1751
0611 1749
0613 1747
0614 1745
0616 1743
0617 1741
0619 1738
0621 1736
0622 1734
0624 1732
0625 1730
0627 1728
0629 1726
0630 1724
0632 1721
0633 1719
0635 1717
0637 1715
0638 1713
0640 1711
0642 1709
0643 1707
0645 1705
0646 1704
0648 1702
0650 1700
0651 1658
0653 1656
0655 1654
0656 1652
0658 1651
0700 1649
0702 1647
0703 1645
0705 1644
0707 1642
0708 1640
0710 1639
0712 1637
0713 1636
0715 1634
0717 1633
0718 1631
0720 1630
0722 1629
0723 1627
0725 1626
0726 1625
0728 1623
0730 1622
0731 1621
0733 1620
0734 1619
0736 1618
0738 1617
0739 1616
0741 1615
0742 1614
0743 1614
0745 1613
0746 1612
0748 1612
0749 1611
0750 1610
0752 1610
0753 1609
0754 1609
0755 1609
0757 1608
0758 1608
0759 1608
0800 1608
0801 1608
0802 1608
0803 1608
0803 1608
0804 1608
0805 1608
0806 1609
0807 1609
0807 1609
0808 1610
0808 1610
0809 1611
0809 1611
0810 1612
0810 1612
0810 1613
0810 1614
0811 1615
0811 1616
0811 1617
0811 1618
