# Location: BAD ELSTER / E12 14, N50 17
0811 1619
0811 1620
0811 1621
0810 1622
0810 1623
0810 1624
0810 1625
0809 1627
0809 1628
0808 1629
0808 1631
0807 1632
0806 1633
0806 1635
0805 1636
0804 1638
0803 1639
0802 1641
0801 1643
0801 1644
0759 1646
0758 1647
0757 1649
0756 1651
0755 1652
0754 1654
0753 1656
0751 1657
0750 1659
0749 1701
0747 1702
0746 1704
0744 1706
0743 1708
0741 1709
0740 1711
0738 1713
0736 1715
0735 1716
0733 1718
0731 1720
0730 1722
0728 1723
0726 1725
0724 1727
0723 1729
0721 1730
0719 1732
0717 1734
0715 1736
0713 1737
0711 1739
0709 1741
0707 1742
0705 1744
0703 1746
0701 1748
0659 1749
0657 1751
0655 1753
0653 1754
0651 1756
0649 1758
0647 1759
0645 1801
0643 1803
0640 1804
0638 1806
0636 1808
0634 1809
0632 1811
0630 1812
0627 1814
0625 1816
0623 1817
0621 1819
0619 1821
0617 1822
0614 1824
0612 1825
0610 1827
0608 1829
0606 1830
0603 1832
0601 1833
0559 1835
0557 1837
0555 1838
0552 1840
0550 1841
0548 1843
0546 1845
0544 1846
0542 1848
0539 1849
0537 1851
0535 1852
0533 1854
0531 1856
0529 1857
0527 1859
0524 1900
0522 1902
0520 1904
0518 1905
0516 1907
0514 1908
0512 1910
0510 1911
0508 1913
0506 1915
0504 1916
0502 1918
0500 1919
0458 1921
0456 1922
0454 1924
0453 1926
0451 1927
0449 1929
0447 1930
0445 1932
0444 1933
0442 1935
0440 1937
0438 1938
0437 1940
0435 1941
0433 1943
0432 1944
0430 1946
0429 1947
0427 1948
0426 1950
0424 1951
0423 1953
0422 1954
0420 1956
0419 1957
0418 1958
0417 2000
0415 2001
0414 2002
0413 2003
0412 2005
0411 2006
0410 2007
0409 2008
0408 2009
0407 2010
0407 2011
0406 2013
0405 2014
0404 2015
0404 2015
0403 2016
0403 2017
0402 2018
0402 2019
0401 2020
0401 2020
0401 2021
0400 2022
0400 2022
0400 2023
0400 2023
0400 2024
0400 2024
0400 2025
0400 2025
0400 2025
0400 2025
0401 2026
0401 2026
0401 2026
0401 2026
0402 2026
0402 2026
0403 2026
0403 2025
0404 2025
0405 2025
0405 2025
0406 2024
0407 2024
0407 2023
0408 2023
0409 2022
0410 2022
0411 2021
0412 2020
0413 2020
0414 2019
0415 2018
0416 2017
0417 2016
0418 2015
0419 2014
0421 2013
0422 2012
0423 2011
0424 2010
0426 2009
0427 2007
0428 2006
0429 2005
0431 2004
0432 2002
0434 2001
0435 1959
0436 1958
0438 1956
0439 1955
0441 1953
0442 1952
0443 1950
0445 1948
0446 1947
0448 1945
0449 1943
0451 1941
0452 1940
0454 1938
0455 1936
0457 1934
0458 1932
0500 1930
0501 1929
0503 1927
0504 1925
0506 1923
0507 1921
0509 1919
0510 1917
0512 1915
0513 1913
0515 1911
0516 1909
0518 1906
0519 1904
0521 1902
0522 1900
0524 1858
0525 1856
0527 1854
0528 1852
0530 1849
0531 1847
0533 1845
0534 1843
0536 1841
0537 1839
0539 1836
0540 1834
0542 1832
0543 1830
0545 1827
0546 1825
0548 1823
0549 1821
0551 1819
0553 1816
0554 1814
0556 1812
0557 1810
0559 1807
0600 1805
0602 1803
0603 1801
0605 1759
0606 1756
0608 1754
0609 1752
0611 1750
0612 1748
0614 1745
0616 1743
0617 1741
0619 1739
0620 1737
0622 1735
0623 1733
0625 1730
0627 1728
0628 1726
0630 1724
0631 1722
0633 1720
0635 1718
0636 1716
0638 1714
0640 1712
0641 1710
0643 1708
0644 1706
0646 1704
0648 1702
0649 1700
0651 1658
0653 1656
0654 1655
0656 1653
0658 1651
0659 1649
0701 1648
0703 1646
0704 1644
0706 1643
0708 1641
0709 1639
0711 1638
0713 1636
0715 1635
0716 1633
0718 1632
0720 1630
0721 1629
0723 1628
0724 1626
0726 1625
0728 1624
0729 1623
0731 1621
0733 1620
0734 1619
0736 1618
0737 1617
0739 1616
0740 1615
0742 1615
0743 1614
0745 1613
0746 1612
0747 1612
0749 1611
0750 1611
0751 1610
0753 1610
0754 1609
0755 1609
0756 1609
0757 1608
0758 1608
0759 1608
0800 1608
0801 1608
0802 1608
0803 1608
0804 1608
0805 1608
0806 1608
0806 1609
0807 1609
0808 1610
0808 1610
0809 1610
0809 1611
0810 1612
0810 1612
0810 1613
0810 1614
0811 1615
0811 1615
0811 1616
0811 1617
