# Location: COPENHAGEN / E12 34, N55 40
0839 1548
0838 1550
0838 1551
0838 1552
0837 1554
0837 1555
0836 1556
0835 1558
0835 1600
0834 1601
0833 1603
0832 1605
0831 1606
0830 1608
0829 1610
0828 1612
0827 1614
0825 1616
0824 1618
0823 1619
0821 1621
0820 1623
0818 1625
0817 1628
0815 1630
0814 1632
0812 1634
0810 1636
0808 1638
0807 1640
0805 1642
0803 1644
0801 1647
0759 1649
0757 1651
0755 1653
0753 1655
0751 1657
0749 1659
0747 1702
0745 1704
0743 1706
0741 1708
0738 1710
0736 1713
0734 1715
0732 1717
0729 1719
0727 1721
0725 1723
0722 1725
0720 1728
0718 1730
0715 1732
0713 1734
0710 1736
0708 1738
0705 1740
0703 1742
0701 1745
0658 1747
0656 1749
0653 1751
0651 1753
0648 1755
0645 1757
0643 1759
0640 1801
0638 1803
0635 1805
0633 1807
0630 1809
0627 1811
0625 1813
0622 1815
0620 1817
0617 1820
0614 1822
0612 1824
0609 1826
0607 1828
0604 1830
0601 1832
0559 1834
0556 1836
0554 1838
0551 1840
0548 1842
0546 1844
0543 1846
0541 1848
0538 1850
0535 1852
0533 1854
0530 1856
0528 1858
0525 1900
0523 1902
0520 1904
0517 1906
0515 1908
0512 1910
0510 1912
0507 1914
0505 1916
0502 1918
0500 1920
0458 1922
0455 1924
0453 1926
0450 1928
0448 1930
0445 1932
0443 1934
0441 1936
0438 1938
0436 1940
0434 1942
0432 1944
0429 1946
0427 1948
0425 1950
0423 1952
0420 1954
0418 1956
0416 1958
0414 2000
0412 2002
0410 2003
0408 2005
0406 2007
0404 2009
0402 2011
0400 2013
0359 2015
0357 2017
0355 2018
0353 2020
0352 2022
0350 2024
0348 2025
0347 2027
0345 2029
0344 2030
0343 2032
0341 2033
0340 2035
0339 2036
0337 2038
0336 2039
0335 2041
0334 2042
0333 2043
0332 2045
0331 2046
0330 2047
0330 2048
0329 2049
0328 2050
0328 2051
0327 2052
0327 2053
0326 2053
0326 2054
0326 2055
0325 2055
0325 2056
0325 2056
0325 2057
0325 2057
0325 2057
0325 2058
0326 2058
0326 2058
0326 2058
0327 2058
0327 2058
0328 2057
0328 2057
0329 2057
0330 2057
0331 2056
0331 2056
0332 2055
0333 2054
0334 2054
0335 2053
0337 2052
0338 2051
0339 2050
0340 2049
0341 2048
0343 2047
0344 2046
0345 2045
0347 2044
0348 2042
0350 2041
0351 2040
0353 2038
0355 2037
0356 2035
0358 2033
0359 2032
0401 2030
0403 2028
0405 2027
0406 2025
0408 2023
0410 2021
0412 2019
0414 2017
0415 2015
0417 2013
0419 2011
0421 2009
0423 2007
0425 2005
0427 2003
0429 2001
0430 1959
0432 1956
0434 1954
0436 1952
0438 1950
0440 1947
0442 1945
0444 1943
0446 1940
0448 1938
0450 1936
0452 1933
0454 1931
0455 1928
0457 1926
0459 1923
0501 1921
0503 1918
0505 1916
0507 1913
0509 1911
0511 1908
0513 1906
0515 1903
0517 1901
0519 1858
0520 1856
0522 1853
0524 1850
0526 1848
0528 1845
0530 1843
0532 1840
0534 1837
0536 1835
0538 1832
0540 1830
0542 1827
0544 1824
0545 1822
0547 1819
0549 1816
0551 1814
0553 1811
0555 1808
0557 1806
0559 1803
0601 1801
0603 1758
0605 1755
0607 1753
0609 1750
0611 1748
0613 1745
0615 1742
0616 1740
0618 1737
0620 1735
0622 1732
0624 1730
0626 1727
0628 1724
0630 1722
0632 1719
0634 1717
0636 1714
0638 1712
0641 1709
0643 1707
0645 1705
0647 1702
0649 1700
0651 1657
0653 1655
0655 1653
0657 1650
0659 1648
0701 1646
0703 1643
0705 1641
0707 1639
0709 1637
0711 1634
0714 1632
0716 1630
0718 1628
0720 1626
0722 1624
0724 1622
0726 1620
0728 1618
0730 1616
0732 1614
0735 1612
0737 1610
0739 1608
0741 1607
0743 1605
0745 1603
0747 1602
0749 1600
0751 1558
0753 1557
0755 1555
0757 1554
0759 1553
0801 1551
0802 1550
0804 1549
0806 1548
0808 1546
0810 1545
0811 1544
0813 1543
0815 1543
0816 1542
0818 1541
0819 1540
0821 1540
0822 1539
0824 1539
0825 1538
0826 1538
0828 1537
0829 1537
0830 1537
0831 1537
0832 1537
0833 1537
0834 1537
0835 1537
0835 1537
0836 1538
0837 1538
0837 1539
0838 1539
0838 1540
0838 1540
0839 1541
0839 1542
0839 1543
0839 1544
0839 1545
0839 1546
0839 1547
