# Location: COPENHAGEN / E12 34, N55 40
0839 1548
0839 1549
0838 1550
0838 1552
0837 1553
0837 1555
0836 1556
0836 1558
0835 1559
0834 1601
0833 1602
0832 1604
0831 1606
0830 1608
0829 1609
0828 1611
0827 1613
0826 1615
0824 1617
0823 1619
0822 1621
0820 1623
0819 1625
0817 1627
0816 1629
0814 1631
0812 1633
0811 1635
0809 1637
0807 1640
0805 1642
0803 1644
0802 1646
0800 1648
0758 1650
0756 1652
0754 1655
0752 1657
0750 1659
0748 1701
0745 1703
0743 1705
0741 1708
0739 1710
0737 1712
0734 1714
0732 1716
0730 1718
0728 1721
0725 1723
0723 1725
0721 1727
0718 1729
0716 1731
0713 1733
0711 1736
0708 1738
0706 1740
0704 1742
0701 1744
0659 1746
0656 1748
0654 1750
0651 1752
0649 1754
0646 1757
0644 1759
0641 1801
0638 1803
0636 1805
0633 1807
0631 1809
0628 1811
0626 1813
0623 1815
0620 1817
0618 1819
0615 1821
0612 1823
0610 1825
0607 1827
0605 1829
0602 1831
0559 1833
0557 1835
0554 1837
0552 1839
0549 1841
0546 1843
0544 1845
0541 1847
0539 1849
0536 1851
0534 1853
0531 1855
0528 1857
0526 1859
0523 1901
0521 1903
0518 1905
0516 1907
0513 1909
0511 1911
0508 1913
0506 1915
0503 1917
0501 1919
0458 1921
0456 1923
0453 1925
0451 1927
0448 1929
0446 1931
0444 1933
0441 1935
0439 1937
0437 1939
0434 1941
0432 1943
0430 1945
0428 1947
0425 1949
0423 1951
0421 1953
0419 1955
0417 1957
0415 1959
0413 2001
0411 2003
0409 2005
0407 2007
0405 2009
0403 2011
0401 2012
0359 2014
0357 2016
0356 2018
0354 2020
0352 2021
0350 2023
0349 2025
0347 2027
0346 2028
0344 2030
0343 2031
0341 2033
0340 2035
0339 2036
0338 2038
0336 2039
0335 2040
0334 2042
0333 2043
0332 2044
0331 2045
0331 2047
0330 2048
0329 2049
0328 2050
0328 2051
0327 2052
0327 2052
0326 2053
0326 2054
0326 2055
0325 2055
0325 2056
0325 2056
0325 2057
0325 2057
0325 2057
0325 2058
0326 2058
0326 2058
0326 2058
0327 2058
0327 2058
0328 2058
0328 2057
0329 2057
0330 2057
0330 2056
0331 2056
0332 2055
0333 2055
0334 2054
0335 2053
0336 2052
0337 2052
0339 2051
0340 2050
0341 2049
0342 2047
0344 2046
0345 2045
0347 2044
0348 2043
0350 2041
0351 2040
0353 2038
0354 2037
0356 2035
0357 2034
0359 2032
0401 2031
0403 2029
0404 2027
0406 2025
0408 2023
0410 2022
0411 2020
0413 2018
0415 2016
0417 2014
0419 2012
0421 2010
0422 2008
0424 2006
0426 2004
0428 2001
0430 1959
0432 1957
0434 1955
0436 1953
0438 1950
0440 1948
0442 1946
0443 1943
0445 1941
0447 1939
0449 1936
0451 1934
0453 1931
0455 1929
0457 1926
0459 1924
0501 1922
0503 1919
0505 1917
0507 1914
0509 1912
0510 1909
0512 1906
0514 1904
0516 1901
0518 1859
0520 1856
0522 1854
0524 1851
0526 1848
0528 1846
0530 1843
0532 1841
0534 1838
0535 1835
0537 1833
0539 1830
0541 1828
0543 1825
0545 1822
0547 1820
0549 1817
0551 1814
0553 1812
0555 1809
0557 1807
0559 1804
0600 1801
0602 1759
0604 1756
0606 1753
0608 1751
0610 1748
0612 1746
0614 1743
0616 1740
0618 1738
0620 1735
0622 1733
0624 1730
0626 1728
0628 1725
0630 1723
0632 1720
0634 1718
0636 1715
0638 1713
0640 1710
0642 1708
0644 1705
0646 1703
0648 1700
0650 1658
0652 1656
0654 1653
0656 1651
0658 1649
0701 1646
0703 1644
0705 1642
0707 1639
0709 1637
0711 1635
0713 1633
0715 1631
0717 1628
0719 1626
0721 1624
0724 1622
0726 1620
0728 1618
0730 1616
0732 1614
0734 1612
0736 1611
0738 1609
0740 1607
0742 1605
0744 1604
0746 1602
0748 1600
0750 1559
0752 1557
0754 1556
0756 1554
0758 1553
0800 1552
0802 1550
0804 1549
0806 1548
0807 1547
0809 1546
0811 1545
0813 1544
0814 1543
0816 1542
0817 1541
0819 1540
0820 1540
0822 1539
0823 1539
0825 1538
0826 1538
0827 1537
0828 1537
0830 1537
0831 1537
0832 1537
0833 1537
0833 1537
0834 1537
0835 1537
0836 1538
0836 1538
0837 1538
0838 1539
0838 1540
0838 1540
0839 1541
0839 1542
0839 1543
0839 1543
0839 1544
0839 1545
0839 1547
